# unix_time, cycles_done, cur_path, paths_total, pending_total, pending_favs, map_size, unique_crashes, unique_hangs, max_depth, execs_per_sec
1727600289, 0, 0, 1, 1, 1, 0.53%, 0, 0, 1, 77.07
1727600294, 59, 0, 1, 0, 0, 0.53%, 0, 0, 1, 1560.19
1727600300, 124, 0, 1, 0, 0, 0.53%, 0, 0, 1, 1627.81
1727600305, 190, 0, 1, 0, 0, 0.53%, 0, 0, 1, 1647.49
1727600310, 252, 0, 1, 0, 0, 0.53%, 0, 0, 1, 1569.56
1727600315, 314, 0, 1, 0, 0, 0.53%, 0, 0, 1, 1581.18
1727600320, 380, 0, 1, 0, 0, 0.53%, 0, 0, 1, 1636.83
1727600325, 446, 0, 1, 0, 0, 0.53%, 0, 0, 1, 1647.60
1727600330, 512, 0, 1, 0, 0, 0.53%, 0, 0, 1, 1653.88
1727600335, 577, 0, 1, 0, 0, 0.53%, 0, 0, 1, 1651.11
1727600340, 639, 0, 1, 0, 0, 0.53%, 0, 0, 1, 1564.27
